test Accuracy: 97.64%train Accuracy: 99.77%


              precision    recall  f1-score   support

           1       0.97      0.99      0.98      2386
           2       0.98      0.97      0.98      2171
           3       0.99      0.99      0.99      2368
           4       0.98      0.99      0.98      2237
           5       0.99      0.96      0.97      2147
           6       0.96      0.98      0.97      2153
           7       1.00      0.97      0.98      2349
           8       0.99      0.99      0.99      2319
           9       0.95      0.97      0.96      2237
          10       0.96      0.96      0.96      2100
          11       0.96      0.94      0.95      2230
          12       0.99      0.98      0.98      2930

    accuracy                           0.98     27627
   macro avg       0.98      0.98      0.98     27627
weighted avg       0.98      0.98      0.98     27627
